38
M45-a13-8 964 2843 16.7235 20.6769
PM07-a13-7 1375 2850 15.438 16.6503
PM07-a13-5 2314 2868 15.8231 16.117
PM07-a13-4 2717 2875 15.2356 16.2002
PM07-a13-3 3211 2885 15.1417 15.8436
PM07-a13-10 723 2643 15.8635 18.3453
PM07-a14-1 799 2164 15.051 17.7513
M45-a14-2 813 2074 16.6071 19.2922
PM07-a14-3 869 1720 14.2912 17.2319
PM07-a14-4 934 1307 13.5796 16.4075
PM07-a14-5 994 922 12.7608 15.7632
M44-BB7 3368 2401 16.8822 17.8994
M69-B28 3358 2241 17.8417 19.4474
PM21-B14 3349 2054 17.5583 19.3177
M69-B27 3340 1879 17.0686 19.1271
PM08-BB6 3325 1560 14.9672 16.6425
PM21-B13 3309 1261 15.596 18.3144
M69-B26 3302 1119 15.3147 18.0874
PM21-B12 3295 981 14.9168 17.8797
M69-B25 3288 846 14.5808 17.6937
PM21-B11 3278 650 13.9149 17.1367
M69-B24 3272 523 13.782 16.7726
PM21-B10 3265 400 13.2051 16.4422
M69-B23 3259 279 12.5946 15.9492
PM07-a14-6 1051 562 12.3355 15.153
PM20-FB46 1284 440 13.1195 17.2329
M63-FB52 541 2027 17.7292 21.1752
PM07-a14-7 1104 226 12.3102 14.6485
PM20-FB45 1318 192 12.398 16.5702
PM08-BB5 3250 94 10.7028 13.5525
M70-CB26 5347 1334 14.2493 18.3284
PM22-CB25 5391 1198 13.8516 18.0105
M70-CB24 5284 1059 13.8296 17.7568
PM22-CB23 5328 929 13.6543 17.6941
M70-CB22 5209 733 14.0007 16.969
PM22-CB21 5253 611 12.7841 16.7836
M70-CB20 5153 486 12.229 16.3395
PM22-CB19 5196 370 12.2097 16.3171
