35
G1 4598 384 57.6911 75.1899
M44-BB7 901 2763 15.7476 16.0936
M69-B28 1052 2761 17.3584 17.5906
PM21-B14 1233 2761 17.4331 17.6263
M69-B27 1407 2761 17.3502 17.8114
PM08-BB6 1738 2761 15.7538 15.8719
PM21-B13 2061 2759 17.6585 17.8574
M69-B26 2220 2759 17.496 17.7038
PM21-B12 2379 2759 17.4577 17.8375
M69-B25 2537 2758 17.4893 17.749
PM21-B11 2774 2758 17.4999 17.6311
M69-B24 2931 2757 17.4111 17.5944
PM21-B10 3088 2757 17.2575 17.645
M69-B23 3244 2757 17.345 17.8367
PM08-BB5 3490 2756 15.4097 15.5436
PM21-B9 3880 2754 17.1168 17.6287
M69-B22 4047 2754 17.1183 17.549
PM21-B8 4220 2753 16.9119 17.6205
M43-BB4 4568 2743 19.7581 19.9667
PM07-a14-4 1911 523 14.4203 14.9082
PM07-a14-5 2332 530 14.1896 14.561
PM07-a14-6 2750 536 14.0531 14.4553
PM07-a14-10 3988 555 14.0528 14.1627
PM07-a15-1 4395 561 13.9721 14.0811
PM07-a15-4 4800 568 13.7319 14.329
PM20-FB44 4046 761 15.2162 16.5004
PM20-FB43 4954 773 15.6469 16.6453
PM20-FB42 5284 778 16.0187 17.0803
PM07-a16-1 5200 574 15.1351 15.9543
M69-B21 4961 2750 16.6354 17.3362
PM21-B7 5131 2749 16.6908 17.2189
M69-B20 5294 2748 16.5734 17.092
PM07-a13-10 629 503 14.8187 14.9878
PM07-a14-3 1486 517 14.6294 14.974
M63-FB52 1193 274 17.4302 17.7
