38
X5 4778 790 52.8 80.0788
M44-EB1 4413 2970 16.007 17.2522
PM25-B29 4188 2970 17.5595 18.9205
M74-B43 4004 2968 17.7552 19.0319
PM25-B30 3826 2967 17.718 18.7646
PM09-EB2 3485 2962 16.4243 16.952
M74-B44 3160 2961 18.1494 18.7332
PM25-B31 2998 2960 18.0842 18.8176
M74-B45 2838 2959 18.1757 18.7952
PM25-B32 2677 2957 17.9248 18.7454
M74-B46 2437 2955 18.1739 18.7377
PM25-B33 2277 2954 17.8312 18.721
M74-B47 2119 2953 17.7251 20.1964
PM25-B34 1960 2952 17.7483 18.7288
PM09-EB3 1705 2948 16.1279 17.0176
M74-B48 1316 2946 17.4145 18.9556
PM25-B35 1147 2944 17.2712 19.0147
M74-B49 973 2943 17.0474 18.7783
M48-EBM 623 2941 19.3677 21.3257
PM25-B36 224 2937 16.5548 18.781
M74-B50 53 2936 16.3932 18.7479
M44-DB1 4213 964 13.5947 15.0943
PM24-DB3 3912 1004 15.5151 16.3999
PM23-DB4 3747 935 15.3673 16.3894
PM24-DB5 3140 1010 15.8319 16.5722
PM23-DB6 2991 942 15.4822 16.4456
PM24-DB7 2844 1012 15.5405 16.4565
PM23-DB8 2697 944 15.4485 16.3058
PM24-DB9 2476 1015 15.6385 16.3596
PM23-DB10 2331 947 15.4831 16.3718
PM24-DB11 2184 1018 15.4946 16.4219
PM23-DB12 2041 950 15.1738 16.3552
PM24-DB13 1446 1024 15.0109 16.3849
PM23-DB14 1296 957 14.7777 16.3914
PM24-DB15 1130 1027 15.0842 16.3799
G2 810 1018 30.713 34.3911
PM23-DB16 448 966 14.5815 16.3658
PM23-DB18 139 969 14.1652 16.0535
