30
PM22-CB3 5436 1807 15.8739 20.1191
X5 3680 3194 76.8585 103.917
M44-EB1 858 2298 16.7308 19.4743
PM25-B29 883 2067 17.8382 20.7729
M74-B43 905 1883 17.5013 20.5898
PM25-B30 926 1710 17.0451 20.2054
PM09-EB2 965 1391 14.9213 18.0119
M74-B44 998 1100 15.8342 19.2846
M44-DB1 3220 2173 16.5055 17.9334
PM23-DB2 3249 2024 17.7671 19.4869
PM24-DB3 3150 1844 17.3544 19.3852
PM23-DB4 3224 1672 17.2514 19.1654
PM23-DB6 3170 931 15.4394 18.3634
PM24-DB7 3081 798 14.9843 18.1067
PM23-DB8 3150 665 14.6191 18.0015
PM24-DB9 3060 475 14.1877 17.7587
PM23-DB10 3128 349 13.9509 17.4759
PM25-B32 1047 692 14.9153 18.9447
M74-B46 1070 498 14.7783 18.1343
PM25-B33 1085 373 14.0555 17.885
M74-B47 1100 251 13.7775 17.0865
PM24-DB11 3044 229 13.4901 16.9272
PM23-DB12 3110 110 13.1649 16.8738
M70-CB6 5286 906 14.8215 18.965
PM22-CB7 5174 775 14.1658 19.3146
M70-CB8 5218 643 14.1196 19.2734
PM22-CB9 5093 455 14.4317 18.6815
M70-CB10 5136 331 14.9028 19.536
PM22-CB11 5031 212 14.7394 18.7475
M70-CB12 5074 94 14.1945 17.6249
