37
PM09-EB6 1133 1600 14.5705 17.2958
PM25-B41 1173 1312 14.9299 18.2253
M74-B54 1192 1174 14.5759 17.8293
PM25-B40 1211 1040 14.3685 17.7469
M74-B53 1229 909 14.0332 17.5249
PM25-B39 1255 719 13.3437 17.0475
M44-AB25 3300 2682 16.0137 17.1399
PM40-AB24 3280 2400 15.2401 15.9263
M75-AB23 3263 2071 16.2356 18.0577
PM41-C1 3349 1810 14.3382 15.8066
M75-AB19 3211 1020 14.0846 16.1956
PM06-E2 3253 856 17.9397 21.3961
PM07-a8-8 4634 1718 13.8665 16.9999
PM07-a8-7 4755 1447 13.1516 16.4747
M88-DC-B32 4002 1899 16.4947 19.3553
FF1 3843 1906 17.3245 23.917
M44-EB7 1009 2500 16.0144 18.7764
PM25-B42 1066 2085 16.4533 19.5366
M74-B52 1273 595 13.0783 16.7726
PM25-B38 1289 476 12.6625 16.3662
M74-B51 1306 359 12.348 15.6233
PM09-EB5 1330 178 10.4591 13.8579
M75-AB20 3224 1293 14.6856 17.4267
PM06-E3 3295 1169 17.4918 22.7228
M75-AB18 3195 697 13.476 15.543
PM06-E1 3220 571 16.9839 21.1249
M75-AB17 3183 453 12.5537 14.9179
PM41-C18 3209 323 10.6415 13.1465
PM41-C3 3203 217 10.4287 13.5114
M88-DC-B31 3628 2205 17.4205 19.382
M88-DC-B28 4074 2520 18.8215 20.594
GG 3903 2515 16.2625 18.0914
M88-DC-B30 4115 2201 16.9791 19.9225
PM07-a8-5 4484 933 12.247 16.0215
M53-a8-4 4315 574 14.5347 18.9049
M53-a8-3 4047 282 13.7729 18.1617
PM27-E6 3870 359 18.0254 23.3184
