37
PM07-a9-5 1160 2200 12.8305 13.5259
PM07-a9-4 1125 2598 13.6599 14.4514
PM07-a9-1 1258 3237 14.7386 16.9671
PM07-a8-10 1720 3234 15.1618 17.0373
M45-a8-9 1804 3220 16.5111 18.8273
PM07-a8-8 2156 3237 15.9748 17.2552
PM07-a8-6 2757 3406 16.3882 17.9484
M53-a8-3 3881 2860 19.3774 20.9557
M45-a8-2 4261 2860 16.7865 17.2914
M53-a8-1 4345 2860 19.236 21.1811
M45-a7-9 4837 2858 16.2316 17.6513
M53-a7-8 5002 2856 19.1194 21.4644
M44-EB7 1643 305 12.0894 14.0362
PM25-B42 1980 300 13.419 15.1957
PM09-EB6 2406 294 12.8398 14.3881
PM25-B41 2679 291 13.9244 15.3479
M74-B54 2814 289 13.8968 15.5206
PM25-B40 2950 287 13.9518 15.6561
M74-B53 3086 286 13.7814 16.3917
PM25-B39 3290 283 13.896 15.5612
M74-B52 3426 282 13.8219 16.2639
PM25-B38 3561 280 13.9344 16.6527
PM09-EB5 3915 275 12.6903 14.4074
PM25-B37 4258 272 14.6859 16.1196
M74-B50 4406 270 14.5051 16.4717
PM25-B36 4560 269 14.6541 16.3683
M74-B49 5227 261 14.4622 16.3584
PM25-B35 5382 260 14.415 16.5956
M44-AB25 1359 1984 13.2791 15.1464
PM40-AB24 1599 1978 12.9644 14.1394
M75-AB23 1895 1975 14.5509 16.8751
PM41-C1 2138 2059 14.1361 14.5604
PM06-E3 2802 2041 20.3056 21.99
M75-AB18 3345 1968 15.753 17.1783
PM06-E1 3500 1998 22.0399 23.1037
PM41-C18 3814 1998 14.4803 15.7956
PM27-E4 2633 2938 25.0641 25.8017
