59
M44-AB1 4486 1921 13.2993 14.4455
PM40-AB3 4256 1939 12.7948 13.4102
PM06-D1 4240 2024 17.7626 21.3794
M75-AB4 4107 1921 13.7876 14.861
PM06-D2 3910 1949 18.2037 21.1256
PM40-AB6 3564 1921 13.0105 13.3285
PM41-C7 3138 1981 13.0781 13.7076
M75-AB8 3020 1919 13.8522 15.7771
PM06-D4 2871 1988 19.5859 20.6022
M75-AB9 2724 1918 13.757 15.7964
PM06-D5 2538 1988 19.0435 21.5823
M75-AB10 2356 1918 13.5852 16.0117
PM41-C6 2211 1980 13.0356 13.2815
M75-AB11 2064 1918 13.9079 15.8715
PM06-D6 1868 1986 18.5814 21.7658
M75-AB13 1313 1917 13.2507 15.6889
PM41-C5 1176 1979 12.3554 13.4452
M75-AB14 454 1917 13.3659 16.2046
PM41-C4 326 1978 11.9771 13.7709
M75-AB15 140 1917 13.2618 16.3045
PM07-a5-10 4606 3174 14.0088 16.0141
PM07-DC2 4137 3168 14.123 15.5916
PM07-a6-2 3715 3159 13.7359 14.3908
M52-DC30 3659 3340 60.2569 66.1612
PM07-a6-3 3398 3333 13.6633 14.8437
PM07-a6-4 2935 3272 14.0652 15.1837
PM07-a7-2 2474 3267 12.3765 13.8397
PM07-a7-4 1560 3280 13.6257 14.9948
M45-a7-5 1478 3279 14.2496 15.1393
M53-a7-6 1125 3186 17.1488 18.7306
M53-a7-7 863 2839 16.4402 18.1676
M53-a7-8 437 2778 16.4703 18.8453
M45-a7-9 285 2779 13.4064 14.8206
M53-a7-10 205 2777 16.6893 19.4438
PM27-D10 3577 2896 23.6788 24.7775
PM27-D9 2788 2976 23.7232 24.4925
PM27-D8 2335 2972 23.3 24.81
PM27-D7 1260 2963 23.4373 25.7312
M44-EB1 4175 243 10.6307 12.7836
PM25-B29 3990 246 12.2072 13.9861
M74-B43 3839 247 12.4604 14.0961
PM25-B30 3693 248 12.4236 13.9932
PM09-EB2 3411 249 11.0584 12.7977
M74-B44 3142 253 12.7118 14.0617
PM25-B31 3008 254 12.7536 14.1279
M74-B45 2875 255 12.6896 14.2089
PM25-B32 2741 256 12.7675 13.9451
M74-B46 2541 258 12.5259 13.9055
M74-B47 2276 261 12.6059 14.0796
PM25-B34 2143 262 12.6364 14.0504
PM09-EB3 1930 263 11.3544 12.9365
M74-B48 1603 268 12.6383 14.3162
M74-B49 1314 271 12.4826 14.172
M48-EBM 1014 301 14.2085 17.1516
PM25-B36 681 277 12.3095 14.6628
M74-B50 536 279 12.2386 14.6003
PM25-B37 396 281 12.2627 14.2547
PM09-EB5 74 284 10.1992 12.3849
PM41-C10 3381 2960 14.4607 15.5682
