30
PM06-D1 1977 2302 22.7867 26.8828
PM40-AB3 2082 2323 15.7682 17.1898
M75-AB4 2108 2154 17.5545 18.1501
PM06-D2 2078 1936 23.0385 24.5818
M75-AB5 2116 1794 17.2321 17.8131
PM40-AB6 2119 1571 14.2049 16.2655
M74-B43 4382 1893 17.5769 20.27
PM25-B30 4354 1718 17.1541 20.1043
PM09-EB2 4303 1394 14.9991 17.8248
M74-B44 4254 1101 16.085 19.1792
PM25-B31 4231 959 15.8884 19.279
PM25-B32 4186 687 15.381 18.7467
M74-B46 4154 491 14.9811 18.1587
PM07-a5-10 588 2622 15.6023 19.3122
PM07-DC2 659 2116 14.798 18.9735
PM07-a6-2 722 1691 14.0269 17.7939
PM07-a6-3 587 1391 13.0614 18.0485
PM07-a6-4 703 976 12.4392 16.6906
M75-AB8 2133 1034 14.8759 17.3568
PM06-D4 2058 898 19.2973 23.3431
PM06-D5 2066 599 17.8381 23.0362
M75-AB10 2146 438 12.5461 15.0803
PM41-C6 2082 319 9.96575 13.4615
M75-AB11 2150 192 11.4718 14.033
M44-EB1 4453 2313 17.0218 19.2258
PM25-B29 4413 2079 17.9657 20.5887
PM25-B33 4133 363 14.7446 17.6203
M74-B47 4113 240 14.0931 16.9748
PM25-B34 4093 118 12.9839 16.2726
PM06-D6 2082 40 15.6186 20.6663
