35
M69-B22 28 2661 17.0448 17.6297
PM21-B8 201 2665 17.0985 17.7829
M43-BB4 603 2664 20.1699 20.5052
M69-B21 955 2682 17.2353 17.8628
PM21-B7 1129 2685 17.265 17.8591
M69-B20 1298 2689 17.1693 17.7657
PM08-BB3 1684 2696 15.7347 16.098
PM21-B6 1938 2703 17.4852 17.8412
M69-B19 2096 2707 17.6288 17.831
PM21-B5 2252 2710 17.5602 17.8231
M69-B18 2410 2714 17.5839 17.8259
PM21-B4 2647 2719 17.4944 17.8203
M69-B17 2805 2723 17.4897 17.793
PM21-B3 2963 2726 17.4685 17.9289
M69-B16 3121 2730 17.5538 17.7909
PM08-BB2 3436 2734 16.0185 16.127
PM21-B2 3771 2745 17.3618 17.7248
M69-B15 3943 2749 17.2754 17.8392
PM21-B1 4122 2753 17.5139 17.8431
M44-BB1 4263 2752 16.2138 16.3131
PM20-FB37 3976 722 15.562 17.2999
PM20-FB42 1347 682 14.7362 17.1782
PM20-FB43 1006 678 14.7914 17.1099
PM20-FB44 86 666 15.6075 17.0386
PM07-a15-1 409 465 14.2818 14.5855
PM07-a15-4 822 470 14.1139 14.2938
PM07-a16-1 1234 475 13.9937 14.4559
M45-a16-2 1566 480 15.6901 15.9687
PM07-a16-5 2479 491 14.358 14.7575
PM07-a16-6 2897 497 14.6264 14.8356
PM07-a16-7 3316 503 14.8327 15.2927
PM07-a16-8 3736 508 15.0763 17.5364
PM07-a1-6 4726 1844 13.3096 14.0018
M63-FB51 4042 280 17.6071 17.7286
G1 630 286 58.2874 75.6804
