33
M44-BB1 2098 2313 16.8904 18.2597
PM07-a1-1 4712 2545 15.3698 17.8687
PM21-B1 2099 2163 17.964 19.8171
M69-B15 2106 1979 17.3284 19.8306
PM21-B2 2112 1806 17.0822 19.394
PM08-BB2 2126 1484 14.9961 17.1496
M69-B16 2133 1196 15.9634 18.643
PM21-B3 2138 1057 15.5859 18.5292
M69-B17 2143 921 15.2804 18.3881
PM21-B4 2147 788 14.9434 18.0318
M69-B18 2154 594 14.7676 17.9205
PM21-B5 2159 469 14.3128 17.5375
M69-B19 2163 347 13.8203 17.1817
PM21-B6 2167 227 13.471 17.0583
M70-CB6 94 1120 14.8817 19.5359
PM22-CB7 46 988 14.4319 19.3857
M70-CB8 152 853 14.2416 18.9375
PM22-CB9 119 663 13.6919 18.6472
M70-CB10 221 536 13.3918 18.3802
PM22-CB11 174 418 13.5579 18.1465
M70-CB12 274 296 12.7951 17.6204
PM20-FB38 4241 1136 15.161 19.0633
PM07-a16-10 4632 2081 15.01 17.5244
M45-a16-9 4616 1993 16.4182 20.0384
M63-FB51 4877 1953 17.4079 20.8676
PM07-a16-8 4557 1650 14.1025 16.8764
PM07-a16-7 4487 1248 13.399 16.3971
PM20-FB39 4198 859 14.7303 18.7293
PM07-a16-6 4422 873 13.0612 16.1597
PM20-FB40 4148 531 14.3477 18.0325
PM07-a16-5 4361 521 12.7779 15.8903
PM20-FB41 4110 283 13.851 17.8084
PM07-a16-4 4304 192 12.6902 15.6761
