40
PM07-a11-5 4102 2863 12.6061 14.9072
PM07-a11-9 2622 2856 12.7295 13.2402
M44-CB30 2813 2456 16.8227 17.5216
PM22-CB29 2855 2219 17.7852 19.2373
PM22-CB27 2853 1862 17.0454 18.9728
M70-CB28 2767 2034 17.5679 19.1782
M44-BB7 474 2369 15.7576 18.6892
M69-B28 501 2212 16.7184 20.2553
PM21-B14 536 2029 16.4535 20.0314
M69-B27 568 1857 15.9583 19.7155
PM08-BB6 629 1544 14.1241 17.3519
PM21-B13 682 1251 14.9794 18.6092
M69-B26 709 1112 14.5655 18.4249
PM21-B12 734 977 14.3634 18.0482
M69-B25 759 845 13.9443 17.8839
PM21-B11 795 654 13.5351 17.1826
PM22-CB25 2846 1113 15.0997 17.736
M70-CB24 2766 977 14.8342 17.5341
PM22-CB23 2844 844 14.5502 17.386
M70-CB22 2766 651 13.9908 17.0418
M70-CB26 2766 1252 15.5229 18.1556
PM22-CB21 2841 527 13.5887 16.6626
M70-CB20 2765 406 13.1157 16.5071
PM22-CB19 2839 287 13.0254 16.3444
M69-B24 819 530 13.2045 16.9757
PM21-B10 842 409 12.708 16.6335
M69-B23 864 291 12.3441 16.1641
PM08-BB5 899 110 10.5784 13.8406
M44-DB30 5223 2385 15.7947 19.2491
PM24-DB29 5236 2228 16.8853 20.7897
PM23-DB28 5110 2042 16.494 20.374
PM24-DB27 5162 1868 16.1164 20.0331
PM23-DB26 4954 1254 15.0797 18.7985
PM24-DB25 5007 1114 14.6577 18.5104
PM23-DB24 4899 978 14.1216 18.0896
PM24-DB23 4951 844 13.9703 18.0649
PM23-DB22 4833 650 13.5729 17.6183
PM24-DB21 4885 525 13.1525 17.2175
PM23-DB20 4784 403 12.7437 16.7666
PM24-DB19 4834 283 12.2868 16.4836
