35
PM24-DB13 5377 2913 16.1631 17.4099
PM24-DB15 5036 2918 16.351 17.6358
G2 4632 2865 35.3689 37.8194
PM23-DB16 4276 2849 17.1536 18.0969
PM24-DB17 4095 2930 17.1973 17.9688
PM23-DB18 3924 2853 17.2262 17.9087
PM24-DB19 3264 2940 17.695 18.0642
PM24-DB21 2939 2944 17.6338 18.3103
PM23-DB22 2775 2866 17.8724 18.1993
PM24-DB23 2529 2949 17.8573 18.3606
PM23-DB24 2363 2870 17.8973 18.2385
PM24-DB25 2198 2953 17.9 18.2693
PM23-DB26 2031 2874 17.9122 18.5005
PM24-DB27 1347 2962 17.8694 18.416
PM23-DB28 1162 2883 17.8413 18.5722
PM24-DB29 975 2966 17.8134 18.5462
M44-DB30 816 2927 16.2951 17.2493
M70-CB14 5326 660 17.4264 18.8037
PM22-CB15 5141 742 17.5768 18.8731
M46-CBM 4722 702 20.8646 22.1546
M70-CB16 4351 647 18.2806 19.3061
PM22-CB17 4162 730 18.2117 19.2573
M70-CB18 3985 642 18.4524 19.4053
PM22-CB19 3297 720 18.8583 19.4202
M70-CB20 3128 631 18.5989 19.5217
PM22-CB21 2958 716 18.8344 19.5583
M70-CB22 2788 627 18.8749 19.5999
PM22-CB23 2531 711 19.0363 19.4546
M70-CB24 2358 622 18.958 19.6208
PM22-CB25 2186 707 18.9087 19.5243
M70-CB26 2012 617 19.0635 19.6591
PM22-CB27 1297 697 19.0386 19.8381
M70-CB28 1104 606 19.025 20.0043
PM22-CB29 908 692 19.1276 19.8136
M44-CB30 659 647 17.44 18.2364
