34
X5 4690 2515 61.5312 79.1077
M44-DB1 4113 3044 14.8506 15.2718
PM24-DB3 3806 3091 16.5229 16.7108
PM23-DB4 3641 3019 16.6923 16.9018
PM24-DB5 3014 3106 16.9425 17.4019
PM23-DB6 2860 3033 17.0113 17.1108
PM24-DB7 2708 3112 16.9648 17.0903
PM23-DB8 2553 3039 16.9254 17.1033
PM24-DB9 2323 3119 17.0295 17.0674
PM23-DB10 2167 3046 17.0679 17.1609
PM24-DB11 2014 3125 17.0984 17.3915
PM23-DB12 1858 3052 17.0222 17.3386
PM24-DB13 1226 3139 17.0994 17.3432
PM23-DB14 1056 3066 17.0632 17.3424
PM24-DB15 885 3145 17.076 17.2725
G2 530 3096 35.7382 36.6611
PM23-DB16 127 3081 17.3073 17.7229
M44-CB1 4189 978 15.4192 15.8352
M70-CB2 3979 944 16.76 17.3727
PM22-CB3 3804 1026 16.9603 17.3967
M70-CB4 3635 948 16.9838 17.4552
PM22-CB5 2994 1035 17.1787 19.2374
M70-CB6 2835 958 17.4429 17.6131
PM22-CB7 2679 1039 17.302 17.5981
M70-CB8 2520 961 17.3761 17.6419
PM22-CB9 2285 1044 17.3643 17.7816
M70-CB10 2125 966 17.3955 18.0904
PM22-CB11 1969 1048 17.5198 17.8416
M70-CB12 1809 970 17.5654 17.9316
PM22-CB13 1162 1058 17.6034 18.0902
M70-CB14 988 980 17.4979 18.0468
PM22-CB15 812 1062 17.4287 18.1471
M46-CBM 449 1033 20.149 20.9048
M70-CB16 36 992 17.342 18.3567
