37
M44-CB1 2778 2360 17.4056 18.2441
M70-CB2 2817 2129 18.0976 19.6309
PM22-CB3 2729 1947 17.8902 19.3918
M70-CB4 2814 1773 17.3141 19.1902
M44-BB1 5175 2255 16.1406 19.6652
PM21-B1 5140 2103 17.4352 21.2161
M69-B15 5103 1916 16.8974 21.1694
PM21-B2 5068 1741 16.5851 20.678
PM08-BB2 5006 1415 14.5321 18.23
M69-B16 4944 1124 15.7254 19.4985
PM21-B3 4916 983 15.45 19.4207
M69-B17 4888 846 15.2194 19.3434
PM21-B4 4861 712 14.9857 19.5285
M69-B18 4822 517 15.4006 19.7023
PM21-B5 4796 391 14.9952 19.2998
M69-B19 4772 268 14.431 18.5755
PM21-B6 4747 149 13.4381 17.6507
M70-CB6 2809 1026 15.6575 18.3672
PM22-CB7 2728 893 15.0071 18.2844
M70-CB8 2806 758 14.9463 18.0299
PM22-CB9 2728 568 14.3495 17.9332
M70-CB10 2804 442 14.3697 18.1331
PM22-CB11 2728 323 13.9445 17.4604
M70-CB12 2802 201 13.4361 16.9476
M44-DB1 428 2307 15.4019 19.1458
PM23-DB2 494 2159 16.4667 20.5299
PM24-DB3 444 1979 16.2242 20.1355
PM23-DB4 558 1808 15.9865 19.954
PM24-DB5 591 1211 14.9471 19.9471
PM23-DB6 694 1072 14.7048 19.1913
PM24-DB7 643 940 14.5124 18.9295
PM23-DB8 743 808 14.2091 18.4993
PM24-DB9 704 620 13.6218 18.2064
PM23-DB10 801 495 13.3279 17.7234
PM24-DB11 751 378 12.5725 16.6626
PM23-DB12 845 258 12.4778 16.8964
X5 991 3327 74.7124 105.758
