24
M44-EB7 3817 2483 15.8914 18.1371
PM25-B42 3776 2070 16.3001 18.8182
PM09-EB6 3727 1587 14.3429 16.7197
PM25-B41 3699 1299 14.6056 17.5607
M74-B54 3685 1161 14.336 17.4492
PM25-B40 3671 1026 14.1133 17.1825
M74-B53 3658 895 13.9076 16.9596
PM25-B39 3639 704 13.1895 16.5024
M44-DB30 1477 2373 17.0675 18.2639
PM24-DB29 1537 2215 17.8986 19.8871
PM23-DB28 1464 2027 17.5675 19.6126
PM24-DB27 1568 1855 17.1107 19.4188
PM24-DB25 1633 1098 15.146 18.092
PM23-DB24 1563 958 14.706 17.892
PM24-DB23 1656 827 14.3938 17.5671
PM23-DB22 1594 629 13.8067 17.3037
PM24-DB21 1683 506 13.5219 16.8815
PM23-DB20 1617 381 13.0341 16.4578
PM24-DB19 1704 263 12.6559 16.1692
M74-B52 3626 581 13.0048 16.2888
PM25-B38 3614 460 12.5333 15.9267
M74-B51 3602 342 12.2686 15.513
PM09-EB5 3583 161 10.4194 13.5211
PM23-DB26 1537 1236 15.6082 18.4255
