32
M74-B48 5304 3061 16.3953 18.669
PM25-B35 5136 3064 16.4344 19.2415
M74-B49 4963 3067 16.584 18.9184
M48-EBM 4563 3075 19.6344 21.5791
PM25-B36 4206 3081 17.2873 18.6924
M74-B50 4030 3084 17.2576 18.6855
PM25-B37 3861 3087 17.3009 18.7049
PM09-EB5 3467 3092 15.7015 16.6354
M74-B51 3217 3098 17.5366 18.5715
PM25-B38 3059 3101 17.5472 18.6135
M74-B52 2902 3103 17.7133 18.4617
PM25-B39 2743 3106 17.6015 18.5018
M74-B53 2506 3110 17.7813 18.4461
PM25-B40 2347 3113 17.6514 18.5918
M74-B54 2188 3116 17.4688 18.5208
PM25-B41 2029 3118 17.3266 18.5519
PM09-EB6 1708 3124 15.954 17.0936
PM25-B42 1204 3133 16.906 18.3625
M44-EB7 803 3140 15.5737 17.235
PM24-DB13 5043 1171 14.0828 16.0697
PM24-DB15 4731 1174 14.3243 16.0567
G2 4365 1164 30.6643 34.019
PM23-DB16 4036 1112 14.8468 16.1425
PM23-DB18 3722 1115 14.8317 15.9636
PM24-DB19 3141 1188 15.2417 16.0767
PM24-DB23 2492 1195 15.204 15.9581
PM24-DB25 2203 1198 15.1481 15.8736
PM23-DB26 2059 1131 14.9669 16.0068
PM24-DB27 1464 1205 14.8166 15.9839
PM23-DB28 1310 1139 14.708 16.0486
PM24-DB29 1143 1209 14.5934 15.9147
M44-DB30 1011 1176 13.2984 14.6274
